t		delta_e		gamma		omega_x1
0.00000000	15.00000000	2.00000000	7.00000000
0.01000000	11.52701992	2.07309516	7.58910062
0.02000000	8.28512181	2.15120598	8.00534659
0.03000000	5.26665003	2.23266946	8.26176160
0.04000000	2.46439073	2.31595033	8.37087023
0.05000000	-0.12850030	2.39963614	8.34472300
0.06000000	-2.51856227	2.48243272	8.19491791
0.07000000	-4.71208710	2.56315964	7.93261859
0.08000000	-6.71517044	2.64074604	7.56856966
0.09000000	-8.53375671	2.71422644	7.11310951
0.10000000	-10.17367840	2.78273678	6.57618086
0.11000000	-11.64069009	2.84551046	5.96733940
0.12000000	-12.94049756	2.90187454	5.29576077
0.13000000	-14.07878238	2.95124599	4.57024614
0.14000000	-15.06122222	2.99312789	3.79922662
0.15000000	-15.89350731	3.02710582	2.99076669
0.16000000	-16.58135332	3.05284419	2.15256694
0.17000000	-17.13051087	3.07008259	1.29196612
0.18000000	-17.54677211	3.07863220	0.41594284
0.19000000	-17.83597447	3.07837220	-0.46888299
0.20000000	-18.00400194	3.06924618	-1.35624893
0.21000000	-18.05678404	3.05125854	-2.24024871
0.22000000	-18.00029280	3.02447102	-3.11533091
0.23000000	-17.84053788	2.98899908	-3.97629741
0.24000000	-17.58356007	2.94500838	-4.81830163
0.25000000	-17.23542338	2.89271134	-5.63684634
0.26000000	-16.80220592	2.83236358	-6.42778115
0.27000000	-16.28998966	2.76426053	-7.18729948
0.28000000	-15.70484937	2.68873396	-7.91193511
0.29000000	-15.05284079	2.60614863	-8.59855808
0.30000000	-14.33998822	2.51689893	-9.24437014
0.31000000	-13.57227175	2.42140559	-9.84689954
0.32000000	-12.75561407	2.32011247	-10.40399526
0.33000000	-11.89586719	2.21348334	-10.91382065
0.34000000	-10.99879909	2.10199881	-11.37484642
0.35000000	-10.07008046	1.98615326	-11.78584311
0.36000000	-9.11527149	1.86645192	-12.14587290
0.37000000	-8.13980903	1.74340795	-12.45428091
0.38000000	-7.14899408	1.61753972	-12.71068593
0.39000000	-6.14797959	1.48936804	-12.91497062
0.40000000	-5.14175893	1.35941365	-13.06727128
0.41000000	-4.13515481	1.22819470	-13.16796703
0.42000000	-3.13280882	1.09622436	-13.21766869
0.43000000	-2.13917172	0.96400859	-13.21720723
0.44000000	-1.15849442	0.83204401	-13.16762180
0.45000000	-0.19481969	0.70081584	-13.07014758
0.46000000	0.74802525	0.57079601	-12.92620324
0.47000000	1.66643540	0.44244142	-12.73737820
0.48000000	2.55703372	0.31619227	-12.50541980
0.49000000	3.41667603	0.19247054	-12.23222020
0.50000000	4.24245505	0.07167862	-11.91980327
0.51000000	5.03170354	-0.04580192	-11.57031142
0.52000000	5.78199651	-0.15961149	-11.18599241
0.53000000	6.49115258	-0.26941345	-10.76918619
0.54000000	7.15723447	-0.37489496	-10.32231191
0.55000000	7.77854860	-0.47576773	-9.84785493
0.56000000	8.35364383	-0.57176857	-9.34835410
0.57000000	8.88130937	-0.66265992	-8.82638918
0.58000000	9.36057191	-0.74823016	-8.28456861
0.59000000	9.79069191	-0.82829385	-7.72551742
0.60000000	10.17115921	-0.90269184	-7.15186560
0.61000000	10.50168782	-0.97129125	-6.56623673
0.62000000	10.78221011	-1.03398535	-5.97123705
0.63000000	11.01287030	-1.09069336	-5.36944493
0.64000000	11.19401732	-1.14136008	-4.76340078
0.65000000	11.32619719	-1.18595552	-4.15559742
0.66000000	11.41014474	-1.22447431	-3.54847097
0.67000000	11.44677496	-1.25693512	-2.94439222
0.68000000	11.43717380	-1.28337999	-2.34565855
0.69000000	11.38258871	-1.30387352	-1.75448639
0.70000000	11.28441868	-1.31850204	-1.17300424
0.71000000	11.14420408	-1.32737271	-0.60324626
0.72000000	10.96361621	-1.33061252	-0.04714641
0.73000000	10.74444664	-1.32836729	0.49346675
0.74000000	10.48859637	-1.32080057	1.01687481
0.75000000	10.19806494	-1.30809253	1.52147348
0.76000000	9.87493934	-1.29043879	2.00577617
0.77000000	9.52138304	-1.26804924	2.46841685
0.78000000	9.13962490	-1.24114683	2.90815241
0.79000000	8.73194827	-1.20996631	3.32386436
0.80000000	8.30068006	-1.17475297	3.71456012
0.81000000	7.84818005	-1.13576142	4.07937358
0.82000000	7.37683032	-1.09325427	4.41756524
0.83000000	6.88902490	-1.04750093	4.72852185
0.84000000	6.38715971	-0.99877628	5.01175542
0.85000000	5.87362271	-0.94735948	5.26690186
0.86000000	5.35078443	-0.89353271	5.49371912
0.87000000	4.82098880	-0.83757997	5.69208488
0.88000000	4.28654435	-0.77978590	5.86199377
0.89000000	3.74971584	-0.72043462	6.00355429
0.90000000	3.21271623	-0.65980861	6.11698529
0.91000000	2.67769919	-0.59818762	6.20261205
0.92000000	2.14675193	-0.53584765	6.26086218
0.93000000	1.62188864	-0.47305991	6.29226104
0.94000000	1.10504428	-0.41008990	6.29742705
0.95000000	0.59806898	-0.34719648	6.27706664
0.96000000	0.10272283	-0.28463104	6.23196904
0.97000000	-0.37932871	-0.22263669	6.16300085
0.98000000	-0.84651899	-0.16144749	6.07110044
0.99000000	-1.29738378	-0.10128779	5.95727228
1.00000000	-1.73056437	-0.04237160	5.82258106
1.01000000	-2.14481014	0.01509800	5.66814579
1.02000000	-2.53898070	0.07092938	5.49513381
1.03000000	-2.91204742	0.12494278	5.30475483
1.04000000	-3.26309453	0.17697073	5.09825487
1.05000000	-3.59131976	0.22685839	4.87691029
1.06000000	-3.89603438	0.27446379	4.64202184
1.07000000	-4.17666297	0.31965807	4.39490876
1.08000000	-4.43274254	0.36232565	4.13690298
1.09000000	-4.66392138	0.40236428	3.86934346
1.10000000	-4.86995738	0.43968514	3.59357055
1.11000000	-5.05071604	0.47421277	3.31092067
1.12000000	-5.20616805	0.50588506	3.02272095
1.13000000	-5.33638653	0.53465307	2.73028426
1.14000000	-5.44154389	0.56048094	2.43490424
1.15000000	-5.52190848	0.58334559	2.13785070
1.16000000	-5.57784082	0.60323652	1.84036514
1.17000000	-5.60978968	0.62015549	1.54365656
1.18000000	-5.61828780	0.63411616	1.24889749
1.19000000	-5.60394746	0.64514372	0.95722029
1.20000000	-5.56745588	0.65327448	0.66971371
1.21000000	-5.50957033	0.65855539	0.38741970
1.22000000	-5.43111322	0.66104357	0.11133054
1.23000000	-5.33296696	0.66080583	-0.15761383
1.24000000	-5.21606882	0.65791808	-0.41852806
1.25000000	-5.08140560	0.65246481	-0.67058354
1.26000000	-4.93000833	0.64453852	-0.91301011
1.27000000	-4.76294692	0.63423909	-1.14509754
1.28000000	-4.58132477	0.62167321	-1.36619677
1.29000000	-4.38627343	0.60695376	-1.57572082
1.30000000	-4.17894727	0.59019915	-1.77314544
1.31000000	-3.96051820	0.57153273	-1.95800946
1.32000000	-3.73217053	0.55108217	-2.12991496
1.33000000	-3.49509580	0.52897876	-2.28852708
1.34000000	-3.25048782	0.50535686	-2.43357368
1.35000000	-2.99953784	0.48035323	-2.56484463
1.36000000	-2.74342978	0.45410640	-2.68219105
1.37000000	-2.48333570	0.42675613	-2.78552411
1.38000000	-2.22041143	0.39844275	-2.87481382
1.39000000	-1.95579234	0.36930659	-2.95008749
1.40000000	-1.69058933	0.33948746	-3.01142806
1.41000000	-1.42588510	0.30912403	-3.05897222
1.42000000	-1.16273051	0.27835339	-3.09290838
1.43000000	-0.90214125	0.24731045	-3.11347449
1.44000000	-0.64509473	0.21612753	-3.12095574
1.45000000	-0.39252722	0.18493386	-3.11568209
1.46000000	-0.14533117	0.15385517	-3.09802570
1.47000000	0.09564710	0.12301326	-3.06839830
1.48000000	0.32960962	0.09252562	-3.02724844
1.49000000	0.55580856	0.06250510	-2.97505864
1.50000000	0.77354793	0.03305955	-2.91234257
1.51000000	0.98218489	0.00429154	-2.83964207
1.52000000	1.18113093	-0.02370190	-2.75752423
1.53000000	1.36985270	-0.05082951	-2.66657840
1.54000000	1.54787264	-0.07700606	-2.56741323
1.55000000	1.71476938	-0.10215246	-2.46065366
1.56000000	1.87017788	-0.12619595	-2.34693796
1.57000000	2.01378935	-0.14907019	-2.22691483
1.58000000	2.14535094	-0.17071540	-2.10124048
1.59000000	2.26466520	-0.19107837	-1.97057576
1.60000000	2.37158939	-0.21011249	-1.83558344
1.61000000	2.46603452	-0.22777782	-1.69692543
1.62000000	2.54796423	-0.24404098	-1.55526017
1.63000000	2.61739347	-0.25887517	-1.41124007
1.64000000	2.67438709	-0.27226008	-1.26550905
1.65000000	2.71905813	-0.28418176	-1.11870021
1.66000000	2.75156607	-0.29463256	-0.97143354
1.67000000	2.77211495	-0.30361093	-0.82431381
1.68000000	2.78095124	-0.31112129	-0.67792858
1.69000000	2.77836175	-0.31717385	-0.53284625
1.70000000	2.76467135	-0.32178439	-0.38961437
1.71000000	2.74024060	-0.32497406	-0.24875796
1.72000000	2.70546331	-0.32676914	-0.11077804
1.73000000	2.66076410	-0.32720080	0.02384971
1.74000000	2.60659576	-0.32630483	0.15467619
1.75000000	2.54343671	-0.32412136	0.28127996
1.76000000	2.47178838	-0.32069462	0.40326814
1.77000000	2.39217250	-0.31607261	0.52027723
1.78000000	2.30512851	-0.31030680	0.63197374
1.79000000	2.21121086	-0.30345186	0.73805475
1.80000000	2.11098639	-0.29556533	0.83824824
1.81000000	2.00503168	-0.28670733	0.93231334
1.82000000	1.89393052	-0.27694020	1.02004049
1.83000000	1.77827128	-0.26632825	1.10125134
1.84000000	1.65864452	-0.25493740	1.17579868
1.85000000	1.53564047	-0.24283488	1.24356614
1.86000000	1.40984669	-0.23008897	1.30446781
1.87000000	1.28184580	-0.21676861	1.35844776
1.88000000	1.15221327	-0.20294318	1.40547942
1.89000000	1.02151527	-0.18868218	1.44556492
1.90000000	0.89030670	-0.17405494	1.47873422
1.91000000	0.75912921	-0.15913037	1.50504431
1.92000000	0.62850945	-0.14397665	1.52457817
1.93000000	0.49895730	-0.12866104	1.53744375
1.94000000	0.37096435	-0.11324957	1.54377283
1.95000000	0.24500235	-0.09780686	1.54371988
1.96000000	0.12152193	-0.08239587	1.53746075
1.97000000	0.00095134	-0.06707769	1.52519143
1.98000000	-0.11630468	-0.05191136	1.50712666
1.99000000	-0.22986584	-0.03695370	1.48349859
2.00000000	-0.33937718	-0.02225911	1.45455536
2.01000000	-0.44450980	-0.00787944	1.42055963
2.02000000	-0.54496145	0.00613615	1.38178716
2.03000000	-0.64045702	0.01974133	1.33852534
2.04000000	-0.73074890	0.03289269	1.29107170
2.05000000	-0.81561725	0.04554981	1.23973241
2.06000000	-0.89487004	0.05767542	1.18482086
2.07000000	-0.96834315	0.06923539	1.12665620
2.08000000	-1.03590019	0.08019878	1.06556183
2.09000000	-1.09743233	0.09053794	1.00186407
2.10000000	-1.15285795	0.10022848	0.93589071
2.11000000	-1.20212224	0.10924927	0.86796968
2.12000000	-1.24519668	0.11758247	0.79842770
2.13000000	-1.28207841	0.12521350	0.72758903
2.14000000	-1.31278956	0.13213100	0.65577421
2.15000000	-1.33737646	0.13832678	0.58329889
2.16000000	-1.35590881	0.14379581	0.51047269
2.17000000	-1.36847870	0.14853608	0.43759812
2.18000000	-1.37519970	0.15254859	0.36496955
2.19000000	-1.37620576	0.15583724	0.29287226
2.20000000	-1.37165012	0.15840873	0.22158156
2.21000000	-1.36170416	0.16027245	0.15136191
2.22000000	-1.34655625	0.16144038	0.08246621
2.23000000	-1.32641045	0.16192699	0.01513506
2.24000000	-1.30148534	0.16174906	-0.05040384
2.25000000	-1.27201268	0.16092560	-0.11393628
2.26000000	-1.23823615	0.15947770	-0.17526200
2.27000000	-1.20041001	0.15742834	-0.23419513
2.28000000	-1.15879785	0.15480234	-0.29056453
2.29000000	-1.11367117	0.15162612	-0.34421410
2.30000000	-1.06530818	0.14792760	-0.39500296
2.31000000	-1.01399243	0.14373602	-0.44280560
2.32000000	-0.96001153	0.13908181	-0.48751199
2.33000000	-0.90365590	0.13399642	-0.52902757
2.34000000	-0.84521752	0.12851217	-0.56727322
2.35000000	-0.78498870	0.12266208	-0.60218514
2.36000000	-0.72326091	0.11647974	-0.63371469
2.37000000	-0.66032363	0.10999917	-0.66182817
2.38000000	-0.59646324	0.10325463	-0.68650656
2.39000000	-0.53196192	0.09628051	-0.70774516
2.40000000	-0.46709670	0.08911117	-0.72555323
2.41000000	-0.40213843	0.08178081	-0.73995359
2.42000000	-0.33735087	0.07432334	-0.75098210
2.43000000	-0.27298986	0.06677225	-0.75868723
2.44000000	-0.20930246	0.05916048	-0.76312946
2.45000000	-0.14652624	0.05152030	-0.76438073
2.46000000	-0.08488856	0.04388322	-0.76252383
2.47000000	-0.02460592	0.03627988	-0.75765176
2.48000000	0.03411654	0.02873990	-0.74986711
2.49000000	0.09108563	0.02129187	-0.73928134
2.50000000	0.14612053	0.01396321	-0.72601412
2.51000000	0.19905316	0.00678011	-0.71019258
2.52000000	0.24972853	-0.00023257	-0.69195066
